-0.039780 
-0.151312 
-0.133365 
-0.462545 
-0.171170 
0.204355 
-0.035988 
0.075838 
0.176684 
0.014697 
0.032329 
0.105716 
-0.009190 
0.037224 
-0.021498 
-0.020070 
-0.071982 
0.142749 
0.020738 
-0.054578 
0.091162 
0.001955 
-0.006422 
0.144355 
-0.043280 
-0.116807 
0.170485 
0.015062 
0.095126 
0.136499 
0.009863 
0.112097 
0.083169 
0.073314 
0.000462 
0.001239 
0.112795 
0.012104 
0.025708 
-0.028325 
-0.146515 
-0.045139 
0.053627 
-0.051303 
0.078644 
0.070108 
0.139549 
0.207376 
0.145956 
0.024845 
0.150281 
0.042545 
-0.185864 
0.066911 
-0.005396 
-0.049748 
0.233709 
-0.023346 
-0.235213 
-0.017065 
0.016594 
-0.058976 
0.059114 
0.045717 
0.029364 
0.127278 
0.091283 
0.027319 
0.119581 
0.067299 
-0.016311 
0.079417 
-0.106095 
-0.144200 
-0.111201 
-0.050174 
-0.054521 
-0.073005 
-0.121669 
-0.196109 
-0.060127 
0.069426 
0.113699 
-0.087765 
-0.159751 
-0.083213 
-0.002753 
0.029179 
-0.137866 
0.137801 
0.024899 
-0.276464 
0.059203 
0.079577 
-0.040445 
-0.046617 
-0.018827 
-0.174747 
0.062853 
0.199875 
0.068268 
0.135094 
0.141550 
0.155549 
-0.025867 
-0.017241 
-0.123306 
0.244853 
-0.134290 
0.094239 
-0.205419 
-0.317068 
-0.163782 
0.043440 
0.037027 
-0.104179 
-0.017260 
-0.135124 
0.164977 
-0.148694 
-0.171858 
-0.145164 
-0.069892 
-0.073340 
0.131276 
0.052402 
-0.094006 
0.120056 
0.071384 
-0.074517 
-0.051666 
-0.020008 
-0.034020 
-0.041696 
0.074779 
-0.079628 
0.230897 
0.024847 
-0.009374 
-0.099239 
-0.065612 
-0.081780 
0.154821 
-0.209585 
0.084852 
0.190423 
-0.036497 
-0.009702 
-0.043298 
-0.237820 
-0.172960 
0.060633 
0.224603 
0.227182 
0.139971 
0.129979 
0.176934 
0.023249 
-0.172741 
-0.087541 
-0.053092 
-0.024593 
0.090128 
0.155247 
-0.120126 
-0.015817 
-0.007433 
-0.127420 
-0.142064 
0.031845 
-0.185479 
-0.051392 
0.035349 
-0.096635 
-0.068511 
-0.086288 
-0.105831 
-0.118500 
-0.037967 
-0.257502 
0.160918 
0.140594 
0.191211 
0.300174 
0.014751 
0.080404 
0.167562 
0.169474 
0.005246 
0.195208 
0.004715 
0.077833 
-0.094894 
-0.181086 
-0.074100 
-0.003979 
0.078302 
0.080699 
0.053075 
0.204437 
0.254928 
0.158378 
-0.012180 
0.020730 
-0.090965 
-0.061327 
-0.041109 
0.013283 
-0.024876 
-0.040518 
-0.001660 
-0.033725 
-0.033848 
-0.252383 
-0.144567 
-0.089645 
0.207057 
0.111606 
0.178804 
0.103606 
0.028539 
0.167254 
0.041657 
0.123708 
0.237836 
0.107298 
0.019227 
0.058273 
0.177602 
0.078322 
0.240126 
-0.024669 
-0.050051 
0.098820 
0.060735 
-0.027227 
-0.138249 
-0.147788 
-0.080486 
0.130177 
-0.118549 
0.102388 
-0.035675 
-0.130546 
-0.101853 
-0.047884 
0.002437 
-0.084207 
0.090424 
-0.055694 
-0.127316 
-0.126690 
-0.097618 
-0.048132 
0.050789 
0.203849 
0.096050 
0.163794 
0.203549 
-0.083689 
0.081185 
-0.242320 
-0.197904 
-0.084922 
0.068667 
0.043893 
0.084498 
-0.060710 
0.009478 
-0.088918 
0.051574 
0.037561 
0.218777 
0.184179 
0.239712 
0.132474 
0.125732 
-0.051825 
0.164871 
-0.111070 
-0.058614 
0.032153 
0.029005 
-0.138364 
-0.038379 
0.055059 
0.153486 
-0.171940 
-0.158889 
-0.125253 
0.080166 
-0.010268 
-0.196987 
-0.111117 
-0.118233 
0.074375 
0.191175 
-0.050351 
-0.130062 
0.101691 
0.133210 
-0.139877 
0.021472 
0.044396 
-0.045884 
-0.004190 
-0.169537 
-0.284263 
-0.036161 
-0.096240 
-0.052320 
-0.141525 
-0.276578 
-0.165470 
-0.114963 
0.053765 
-0.158440 
0.078167 
0.139431 
0.146131 
0.118713 
0.057003 
0.005323 
0.077980 
-0.053160 
-0.280790 
-0.057337 
-0.052868 
-0.178714 
-0.001251 
0.124280 
-0.052111 
0.112140 
-0.044765 
0.025461 
-0.031314 
-0.005322 
-0.086408 
-0.138752 
0.013044 
-0.031433 
0.176010 
-0.109739 
-0.120783 
-0.008749 
-0.109728 
-0.156749 
-0.101477 
0.112108 
-0.060653 
-0.166987 
-0.141998 
-0.068666 
-0.091166 
-0.128956 
-0.111797 
-0.083286 
0.090395 
0.154882 
-0.043160 
-0.022057 
0.177560 
0.088241 
-0.058090 
-0.082833 
-0.112839 
-0.061121 
0.224755 
0.221634 
-0.232222 
0.229657 
0.035868 
-0.042889 
-0.172974 
-0.076255 
-0.218722 
0.145354 
-0.068542 
-0.116793 
0.009133 
-0.089450 
-0.161043 
-0.099282 
-0.100321 
-0.080342 
0.187344 
0.084876 
-0.103461 
-0.177115 
-0.147804 
-0.198883 
-0.122404 
-0.099095 
-0.265973 
-0.094602 
0.025464 
0.020323 
-0.029815 
0.020286 
0.049519 
0.010338 
0.112007 
-0.022700 
0.016516 
0.050401 
-0.069577 
0.021142 
0.089368 
-0.112249 
-0.148662 
-0.091140 
0.073191 
0.075436 
-0.138686 
0.019594 
-0.132399 
-0.036942 
-0.023764 
0.064877 
0.072203 
-0.119261 
-0.131279 
0.061922 
-0.156589 
-0.190073 
-0.091230 
-0.221416 
-0.219813 
0.106655 
-0.028800 
-0.163059 
-0.194177 
0.080748 
0.102016 
0.272991 
0.171844 
0.062968 
0.023647 
-0.008897 
-0.008742 
0.102192 
-0.004294 
-0.000675 
0.319277 
0.243001 
0.118769 
-0.212670 
-0.217489 
-0.072993 
-0.020171 
-0.044584 
-0.062346 
0.039193 
-0.105100 
0.037930 
0.151905 
0.041669 
-0.018596 
0.005873 
-0.130255 
-0.061221 
0.070051 
0.116721 
0.036512 
-0.067739 
-0.059500 
-0.050258 
-0.115327 
-0.036288 
-0.075670 
-0.016658 
0.016121 
0.144392 
0.037342 
0.085960 
0.168900 
-0.075979 
0.018423 
-0.106802 
0.021920 
0.049937 
-0.034758 
0.001823 
0.022344 
0.063648 
-0.031387 
-0.132927 
-0.137011 
-0.021983 
0.089666 
0.246478 
-0.025757 
-0.007833 
0.026948 
-0.128285 
-0.090473 
-0.182391 
0.008781 
0.120797 
0.038631 
0.118757 
-0.014868 
0.059442 
-0.103107 
0.016489 
-0.058153 
0.115464 
-0.093192 
0.151361 
0.333526 
0.125446 
0.018111 
-0.009252 
-0.000311 
-0.038370 
0.063167 
-0.053621 
0.014285 
0.089233 
0.172675 
0.233707 
0.054268 
-0.093576 
-0.061131 
-0.061171 
-0.035839 
0.174108 
0.112951 
0.221981 
0.038287 
0.001572 
-0.005254 
0.011382 
-0.015822 
-0.007312 
-0.032398 
0.068725 
0.205080 
0.079107 
0.065219 
0.073723 
-0.027219 
-0.025787 
0.022344 
-0.047303 
0.156170 
0.021087 
-0.136876 
0.035758 
0.034359 
0.028395 
-0.076546 
-0.025418 
0.010317 
0.110335 
0.065310 
0.098100 
0.054711 
0.118969 
0.000932 
0.007609 
0.021611 
-0.094528 
0.184113 
0.014496 
-0.062127 
0.134169 
-0.002951 
-0.000216 
-0.047324 
0.017651 
0.048720 
0.101113 
0.049569 
-0.017530 
0.034353 
-0.042681 
0.194107 
-0.061718 
-0.202770 
-0.192648 
-0.085673 
0.424558 
0.132710 
0.077152 
-0.055146 
0.111578 
-0.079550 
-0.194546 
-0.245381 
-0.022006 
0.046767 
0.211933 
0.193527 
0.192049 
0.111996 
-0.030231 
-0.114413 
-0.090955 
-0.174635 
-0.123364 
-0.120821 
-0.011762 
-0.191187 
0.137853 
-0.050842 
-0.179871 
-0.265297 
-0.214101 
-0.180844 
0.066649 
0.026825 
0.134454 
0.068464 
0.031183 
0.007523 
-0.099049 
-0.073571 
-0.145360 
0.020255 
0.103276 
0.135399 
0.086921 
0.142690 
0.112901 
-0.095600 
-0.117308 
-0.333041 
-0.190100 
-0.127047 
0.011731 
0.195677 
-0.021006 
-0.033388 
-0.064712 
-0.151836 
-0.200960 
-0.193233 
0.162348 
0.211721 
0.052181 
-0.045297 
-0.009096 
-0.135769 
-0.159538 
-0.268096 
-0.179484 
0.109400 
-0.007075 
0.114510 
0.206543 
0.221832 
0.147821 
0.024924 
-0.113388 
-0.146661 
0.116611 
-0.055605 
0.118879 
0.167794 
0.041747 
-0.234920 
0.063522 
-0.075187 
-0.121980 
-0.070023 
0.182925 
0.003982 
-0.033119 
0.064831 
-0.050536 
-0.089602 
-0.114689 
-0.108404 
0.086419 
0.024616 
0.069629 
-0.128907 
-0.083789 
-0.309851 
-0.066962 
-0.052657 
0.025263 
-0.157840 
-0.104749 
-0.007235 
-0.077765 
0.072189 
0.135079 
0.096340 
-0.094133 
-0.109509 
0.000463 
-0.102508 
-0.033867 
-0.035095 
0.238052 
0.054795 
0.279933 
0.025539 
-0.047066 
-0.142680 
0.043074 
-0.059475 
-0.260825 
0.030389 
-0.036746 
-0.075174 
-0.098433 
-0.000882 
-0.131037 
-0.007723 
0.023524 
-0.155463 
0.148852 
-0.088595 
0.065517 
-0.033529 
-0.034127 
-0.089328 
-0.182777 
-0.196272 
-0.124813 
0.047654 
0.241231 
0.220084 
-0.067262 
-0.072895 
-0.136783 
-0.015365 
-0.037960 
0.097445 
0.335706 
0.173926 
0.275504 
0.045765 
0.000134 
-0.025157 
-0.079093 
-0.060014 
-0.094786 
-0.113615 
-0.022970 
0.028509 
-0.213413 
-0.045383 
-0.116101 
-0.015673 
-0.004952 
0.003824 
0.083898 
0.074682 
0.165468 
-0.134206 
0.005426 
0.038176 
0.087270 
0.104082 
0.081900 
0.006646 
0.269311 
0.208051 
0.062984 
-0.092236 
-0.082711 
-0.118767 
0.046365 
0.118806 
0.141386 
0.179311 
0.188971 
0.104994 
0.097595 
0.042998 
0.067973 
0.112034 
0.083470 
-0.004665 
0.108675 
0.028901 
0.009142 
-0.175959 
-0.145987 
-0.017842 
0.061524 
0.081553 
0.192998 
0.002357 
0.036742 
-0.030177 
0.007801 
0.115787 
-0.091303 
0.018453 
-0.134248 
-0.083212 
-0.100903 
0.155095 
-0.081905 
-0.043059 
-0.081548 
-0.006348 
-0.016729 
-0.174553 
-0.023702 
0.083953 
0.191094 
0.042573 
-0.034157 
-0.039810 
-0.036661 
0.104974 
0.266127 
0.079163 
0.092624 
0.142697 
-0.051889 
-0.010888 
-0.037968 
0.050482 
-0.142171 
0.189163 
-0.064623 
-0.107587 
0.388018 
-0.054427 
-0.099699 
0.051913 
-0.062329 
-0.029768 
-0.039925 
-0.139998 
0.049376 
0.082812 
0.177272 
0.086208 
0.148557 
0.147403 
0.198985 
-0.103315 
-0.185054 
-0.095445 
-0.093907 
0.119277 
0.013842 
0.177359 
0.076858 
0.098434 
-0.080821 
-0.174323 
-0.242098 
-0.006338 
-0.067356 
-0.153525 
0.124813 
0.220201 
0.020812 
-0.070817 
-0.110642 
-0.126734 
-0.121816 
0.027801 
-0.020679 
0.075901 
0.249763 
0.228267 
-0.023443 
0.006102 
-0.068558 
-0.096923 
0.015377 
-0.040969 
0.099940 
0.187630 
0.100514 
0.082192 
0.043868 
0.067164 
-0.009213 
-0.164174 
-0.015102 
0.000052 
0.147665 
0.152065 
-0.042940 
-0.057048 
-0.077661 
0.021786 
0.050976 
0.147697 
0.035124 
-0.006688 
-0.034341 
-0.129670 
-0.057183 
0.105160 
0.157506 
0.213045 
0.208057 
-0.025504 
0.037502 
0.002622 
-0.085064 
0.008477 
0.114464 
-0.019101 
-0.090524 
-0.027752 
-0.004847 
-0.062096 
0.014845 
-0.145179 
0.086175 
-0.057957 
0.164323 
-0.085341 
-0.231365 
-0.191006 
-0.039559 
-0.189944 
-0.243876 
-0.202267 
0.134861 
0.069642 
0.129865 
0.118725 
-0.027818 
-0.007330 
-0.229656 
-0.170988 
-0.044995 
-0.087857 
0.189386 
-0.067909 
-0.084391 
-0.060097 
-0.077601 
-0.065032 
-0.117903 
0.116942 
-0.051318 
-0.031105 
-0.212840 
-0.341812 
-0.262720 
-0.078014 
0.112436 
0.060969 
-0.035223 
-0.085589 
0.069589 
-0.180843 
-0.270517 
-0.255004 
0.013029 
-0.213816 
-0.157488 
0.049102 
0.028867 
-0.034250 
-0.084911 
-0.091173 
-0.047211 
-0.126877 
-0.224245 
-0.069141 
-0.154963 
-0.151296 
0.053159 
0.073693 
0.041666 
-0.045211 
-0.053476 
0.000930 
-0.037677 
-0.116066 
-0.092041 
-0.127748 
-0.111639 
-0.074469 
-0.005459 
-0.139198 
-0.139945 
-0.163279 
0.110852 
0.061276 
0.202111 
-0.075961 
0.041043 
-0.049628 
0.002964 
-0.134598 
-0.134264 
-0.155713 
0.017961 
0.093694 
0.075565 
0.106968 
0.106689 
-0.019053 
-0.008407 
-0.058237 
0.327334 
0.115379 
0.131425 
-0.085120 
-0.079001 
-0.131640 
0.079372 
0.062399 
-0.001305 
0.150998 
0.244495 
0.197830 
0.039409 
-0.141453 
-0.077944 
0.032189 
0.134406 
0.172047 
0.112523 
-0.095238 
0.106262 
0.027661 
0.013588 
0.033760 
-0.130567 
-0.106058 
0.000607 
0.192182 
-0.034034 
0.174038 
0.029878 
-0.093863 
-0.038549 
0.147743 
0.034504 
-0.136161 
0.004072 
-0.063954 
0.049570 
-0.113509 
-0.056628 
-0.003563 
-0.212992 
-0.026728 
-0.032459 
-0.165085 
0.079904 
0.120221 
-0.001700 
-0.088925 
-0.188775 
0.076046 
0.044333 
0.099332 
0.137855 
0.103144 
0.162766 
-0.007353 
-0.008888 
-0.080513 
0.073271 
-0.083270 
-0.218342 
-0.077994 
0.097561 
-0.066418 
-0.275888 
-0.238077 
-0.038020 
0.209368 
-0.022590 
0.187654 
0.051772 
0.127844 
0.106741 
-0.100906 
-0.020032 
0.077305 
0.066250 
-0.083496 
-0.264326 
-0.305152 
-0.212114 
-0.080784 
-0.108881 
-0.027925 
0.051084 
0.236998 
0.115791 
-0.251740 
-0.278736 
-0.174848 
-0.137539 
-0.140678 
0.008698 
-0.026680 
0.102933 
0.092514 
0.084105 
-0.077480 
-0.100319 
-0.139734 
-0.188298 
-0.034633 
0.089970 
0.300945 
0.311683 
-0.051615 
-0.126286 
-0.170339 
-0.216951 
-0.213983 
0.116240 
0.045574 
0.134900 
0.122256 
-0.193266 
-0.216036 
-0.136865 
-0.086213 
-0.004674 
0.099182 
-0.178352 
-0.230068 
-0.094738 
-0.178192 
-0.117071 
-0.029193 
-0.055536 
0.013105 
0.000719 
-0.226198 
0.248045 
0.443253 
-0.215334 
-0.273301 
-0.176526 
-0.104472 
0.004738 
0.351452 
-0.062206 
-0.082876 
0.097658 
-0.266085 
-0.037224 
-0.067508 
-0.006840 
0.053308 
0.200213 
-0.154108 
-0.183888 
-0.077757 
-0.053817 
-0.097585 
0.036184 
0.004083 
0.116000 
-0.027497 
-0.095204 
-0.012824 
-0.096232 
0.008104 
-0.143009 
-0.011868 
-0.076570 
-0.156207 
-0.241295 
-0.175527 
-0.054640 
-0.046609 
-0.083547 
0.083232 
0.080226 
0.109005 
0.179055 
0.048226 
0.029673 
0.026909 
-0.052832 
-0.057844 
0.021563 
-0.053254 
0.132818 
0.180314 
0.090964 
0.048245 
-0.015621 
-0.040582 
0.001585 
-0.041521 
-0.070645 
0.097011 
0.017831 
-0.283875 
-0.063134 
-0.056731 
-0.036231 
0.005696 
-0.072503 
0.000615 
-0.053392 
0.135310 
-0.065387 
0.015751 
-0.184416 
-0.014207 
-0.000213 
0.044447 
-0.014640 
0.249126 
0.013060 
0.030441 
-0.155360 
-0.162741 
0.080527 
0.080204 
-0.007821 
-0.007162 
0.023696 
0.195597 
0.166715 
-0.167380 
-0.043787 
-0.001571 
-0.141427 
-0.202350 
-0.143712 
-0.151340 
0.207294 
-0.071430 
-0.098621 
0.053233 
0.055734 
-0.114899 
0.307269 
0.043865 
0.048050 
-0.101717 
-0.205518 
-0.169360 
-0.156729 
0.063449 
0.047070 
0.049058 
0.120315 
-0.122888 
-0.051503 
0.007188 
-0.249619 
0.009243 
0.017869 
-0.000757 
0.321280 
0.161955 
0.095817 
-0.029140 
-0.179233 
-0.202069 
-0.089372 
-0.173208 
-0.188396 
-0.130084 
0.079233 
0.033142 
-0.129741 
-0.012216 
0.009473 
-0.004705 
0.117666 
-0.087554 
-0.005346 
-0.086621 
-0.001677 
-0.106754 
-0.031762 
-0.090937 
-0.120594 
-0.042621 
-0.133545 
-0.073576 
0.093236 
0.074875 
-0.036368 
-0.083966 
0.059719 
0.107438 
0.045943 
0.178217 
-0.067817 
-0.057427 
-0.095440 
-0.005604 
-0.016288 
0.170843 
-0.000729 
-0.148089 
-0.219136 
-0.129654 
-0.186896 
-0.120748 
-0.244206 
-0.264594 
-0.089838 
0.104048 
-0.071060 
-0.209477 
0.070747 
0.142025 
0.033058 
-0.047483 
-0.116869 
-0.013026 
-0.071747 
0.009167 
0.093130 
-0.119390 
-0.071670 
-0.202540 
-0.101056 
-0.130885 
0.027345 
0.054317 
-0.029620 
-0.073018 
0.078031 
0.070663 
-0.019514 
-0.130484 
0.055607 
0.066026 
-0.029561 
-0.097546 
-0.244692 
-0.146115 
-0.052739 
0.014596 
-0.003056 
-0.032011 
-0.092139 
0.159672 
0.299878 
-0.019812 
-0.081230 
-0.145211 
-0.096655 
-0.101254 
-0.167296 
-0.101394 
0.128061 
-0.118193 
-0.079430 
-0.129348 
-0.127029 
-0.117854 
-0.076235 
-0.121258 
-0.067424 
0.177083 
0.063117 
-0.064131 
-0.153804 
-0.062106 
0.012975 
0.016915 
0.051954 
0.067660 
0.241755 
0.269930 
-0.132351 
-0.201404 
-0.236304 
-0.173274 
-0.119983 
-0.063114 
-0.030411 
0.012575 
0.079763 
-0.147658 
-0.149738 
-0.106865 
-0.131190 
-0.119733 
-0.144447 
-0.253974 
0.144831 
0.072130 
-0.185688 
-0.230571 
-0.166679 
-0.101164 
-0.098363 
0.101898 
0.050405 
-0.035114 
-0.049743 
-0.226938 
-0.234523 
-0.153735 
-0.145451 
-0.133671 
0.054442 
-0.132214 
-0.108990 
-0.198097 
-0.219613 
-0.151019 
0.034543 
0.018665 
0.033815 
-0.207011 
-0.258458 
-0.026380 
-0.035417 
-0.089259 
-0.200490 
-0.200055 
-0.080916 
-0.090456 
-0.402418 
-0.241386 
0.099236 
0.058087 
-0.114103 
0.003284 
0.148072 
0.136627 
0.141688 
0.091548 
0.061074 
-0.009879 
0.066429 
-0.027178 
-0.095944 
-0.081950 
-0.019417 
0.087616 
-0.008561 
-0.137485 
-0.037945 
0.126713 
0.128951 
-0.031889 
-0.004413 
0.135289 
-0.006902 
-0.191524 
-0.130850 
-0.127177 
0.011133 
-0.047910 
-0.060249 
-0.070356 
-0.061692 
0.050155 
0.026760 
-0.118268 
-0.000671 
0.067157 
0.128649 
-0.038345 
0.047501 
0.212690 
0.085021 
0.006361 
0.014704 
-0.147544 
-0.034991 
-0.196922 
-0.056499 
0.156142 
0.134914 
0.183141 
-0.049324 
-0.058177 
-0.031128 
-0.034247 
-0.094396 
0.019838 
-0.035646 
-0.060237 
-0.106133 
-0.050952 
-0.189963 
-0.053382 
0.063835 
-0.023088 
-0.103657 
0.021382 
0.141487 
-0.139228 
-0.185030 
-0.147445 
-0.076943 
-0.014163 
-0.171678 
-0.079521 
-0.051824 
0.044607 
0.028157 
-0.055700 
-0.137176 
0.035775 
-0.003000 
-0.089702 
0.076927 
0.179177 
0.254065 
-0.000085 
-0.091604 
-0.059976 
-0.088316 
0.017424 
-0.087745 
-0.068547 
-0.112558 
-0.067878 
-0.334080 
-0.204380 
-0.059440 
0.043280 
0.061331 
0.050180 
0.040333 
0.068070 
-0.084196 
-0.083031 
-0.025001 
0.077317 
-0.002546 
0.034539 
-0.088743 
0.112050 
0.054183 
0.210151 
-0.235360 
-0.104232 
0.031118 
0.039815 
-0.000750 
-0.083902 
-0.106869 
0.069188 
0.318857 
0.096396 
0.170440 
0.260861 
-0.006872 
-0.124289 
-0.107333 
-0.024872 
-0.088936 
0.001481 
-0.149958 
-0.067916 
0.006182 
0.183829 
-0.157416 
0.036565 
0.159874 
0.116142 
0.078657 
0.087930 
0.103664 
0.140664 
0.076698 
-0.115244 
-0.066323 
-0.134339 
-0.067137 
0.013060 
-0.216297 
-0.054436 
0.098492 
0.114459 
-0.048380 
0.141683 
0.297825 
0.350182 
0.277605 
0.063925 
0.225197 
-0.018671 
0.042029 
-0.061590 
0.025820 
0.082633 
0.095598 
-0.034406 
0.025152 
-0.072267 
0.073696 
0.016287 
-0.060223 
-0.074286 
0.111373 
0.126589 
0.128144 
0.100225 
-0.006942 
0.028535 
0.061718 
-0.101433 
-0.034302 
0.092129 
0.127936 
0.101591 
0.104149 
0.011698 
-0.031406 
-0.067634 
0.038583 
-0.047998 
0.070987 
0.131712 
0.133535 
-0.057694 
0.175017 
0.259927 
0.058771 
-0.051882 
-0.158321 
-0.163193 
-0.079101 
-0.002008 
-0.126460 
0.072507 
0.065652 
-0.038859 
0.104712 
-0.091975 
-0.149317 
-0.177596 
-0.128224 
-0.252793 
-0.014949 
-0.194632 
0.095268 
0.208642 
-0.024506 
-0.001258 
0.040250 
0.034700 
-0.123612 
0.025063 
0.014288 
0.183943 
0.077600 
0.257335 
0.035434 
0.121299 
-0.032201 
-0.177154 
-0.070855 
-0.060500 
0.013191 
0.000167 
0.085136 
0.045060 
-0.054292 
-0.152303 
-0.084791 
0.002243 
-0.091697 
-0.001756 
0.085364 
-0.083999 
-0.127224 
-0.128226 
-0.100373 
0.015526 
-0.101319 
-0.042734 
0.226367 
0.096771 
0.205680 
-0.003568 
-0.038674 
-0.078272 
-0.089087 
-0.051015 
0.051114 
-0.024663 
0.070930 
-0.062707 
-0.355124 
-0.044372 
-0.143972 
0.014804 
-0.008990 
-0.029352 
-0.025199 
-0.077447 
-0.008464 
-0.174749 
-0.037838 
0.049231 
0.111936 
-0.062826 
-0.110552 
-0.123450 
-0.120890 
-0.099021 
-0.085662 
-0.109056 
-0.187963 
-0.023573 
-0.156056 
-0.185092 
-0.088024 
0.065709 
0.122094 
-0.054183 
0.166447 
0.210307 
0.149553 
-0.071559 
-0.088854 
-0.354926 
-0.076721 
-0.018322 
0.058401 
0.042526 
0.007199 
0.028277 
-0.136545 
-0.293727 
-0.023427 
-0.124576 
0.006839 
0.008619 
-0.062003 
-0.310644 
-0.037987 
-0.058332 
0.022179 
0.080459 
0.041709 
-0.102359 
-0.013967 
0.061428 
0.106208 
-0.182927 
-0.154008 
0.016913 
-0.086094 
-0.078705 
-0.084904 
-0.088273 
-0.062210 
-0.123711 
-0.096440 
-0.067297 
-0.088997 
0.046566 
-0.006029 
0.067222 
0.090350 
0.142938 
0.037462 
-0.257331 
-0.250074 
-0.091687 
-1.121310