0.012576 
0.011174 
0.010935 
-0.011822 
0.010524 
0.009015 
-0.014252 
0.008135 
0.010395 
0.051256 
0.056697 
0.053758 
0.040715 
0.001066 
-0.001267 
-0.008194 
-0.025153 
0.006000 
-0.031335 
0.004558 
0.000154 
0.038052 
0.061854 
0.004627 
-0.032687 
-0.048105 
-0.040539 
-0.018254 
0.005031 
0.014866 
0.050277 
0.045529 
0.016941 
0.014502 
-0.016549 
-0.011055 
0.033347 
0.030632 
-0.002327 
-0.009517 
-0.061924 
-0.021237 
-0.014898 
-0.033745 
-0.018135 
0.076704 
0.090003 
0.067628 
0.054423 
-0.003652 
0.045964 
0.010678 
-0.031042 
0.025830 
-0.032805 
-0.017388 
0.016016 
0.015360 
-0.050492 
-0.040885 
-0.031661 
-0.030078 
-0.022841 
0.014340 
-0.000723 
0.045530 
0.071587 
0.004746 
0.026721 
-0.001049 
0.000041 
-0.008346 
0.049608 
-0.013341 
-0.017065 
-0.007938 
-0.043591 
-0.007925 
-0.042450 
-0.066486 
0.008432 
0.100875 
0.024832 
-0.020076 
-0.017255 
-0.037780 
-0.014885 
-0.039100 
-0.052831 
0.026775 
0.000423 
-0.042756 
-0.003227 
0.012177 
-0.032590 
-0.010307 
-0.047619 
-0.058619 
-0.007493 
0.061422 
-0.006220 
0.001990 
0.029097 
0.018948 
0.008967 
-0.019222 
-0.036398 
0.058407 
0.085571 
0.015284 
-0.036553 
-0.035699 
-0.031960 
0.008819 
-0.026160 
-0.040350 
0.037800 
0.077835 
0.001526 
-0.046007 
-0.055822 
-0.106832 
-0.038040 
-0.057887 
-0.051281 
0.018454 
0.073196 
0.020031 
-0.005861 
-0.002545 
-0.014003 
0.017438 
-0.009935 
0.000463 
0.057341 
0.043246 
0.004865 
-0.039809 
-0.037235 
-0.056942 
-0.023132 
-0.058851 
-0.040407 
-0.032578 
0.076613 
0.032030 
0.005922 
0.002635 
-0.025965 
-0.031366 
-0.042161 
-0.009995 
0.065367 
-0.033240 
0.001113 
-0.001494 
0.017969 
-0.004472 
-0.009513 
-0.048184 
-0.018109 
-0.010549 
0.056699 
0.046675 
-0.010488 
-0.005586 
-0.030797 
-0.034746 
-0.049093 
0.007563 
-0.015977 
-0.045299 
-0.000143 
-0.013215 
0.012903 
-0.025676 
-0.020122 
-0.032524 
0.005799 
-0.038717 
-0.016005 
0.008287 
0.028125 
0.045063 
0.014814 
0.039976 
0.050332 
0.047949 
0.011225 
-0.037154 
-0.016688 
0.000578 
0.003704 
-0.021775 
-0.021692 
0.007287 
-0.010252 
-0.039700 
-0.036946 
0.026860 
0.049613 
0.069835 
0.026634 
0.047650 
0.038210 
0.035089 
-0.006066 
-0.064241 
-0.028408 
-0.001565 
0.011323 
-0.001312 
0.037665 
0.048737 
0.011002 
-0.057856 
0.000379 
0.004297 
-0.016296 
-0.006227 
0.031488 
0.008626 
0.015696 
0.012320 
0.008878 
0.017575 
0.018012 
-0.011855 
-0.010288 
0.025680 
0.026739 
0.022303 
0.023355 
0.019004 
-0.027004 
-0.013073 
-0.006289 
0.007895 
0.029405 
0.035465 
0.018629 
0.016876 
-0.038737 
-0.033394 
-0.021409 
-0.016609 
0.001202 
0.024472 
0.038046 
0.019504 
-0.010066 
-0.028121 
-0.030318 
0.023700 
0.027305 
0.075663 
0.086265 
0.077792 
0.013172 
-0.033079 
-0.046785 
-0.053975 
-0.010500 
0.006703 
0.051185 
0.068469 
0.073728 
0.033441 
0.033249 
-0.002450 
-0.026148 
-0.003867 
0.007394 
0.035097 
0.058016 
0.059854 
0.014428 
-0.013722 
-0.039004 
-0.067352 
-0.055661 
-0.048405 
-0.014688 
0.005764 
0.035452 
0.055715 
0.041573 
-0.032780 
-0.048809 
-0.058527 
-0.006409 
0.021611 
-0.006443 
0.017814 
0.022103 
0.062120 
0.026158 
0.021797 
-0.033972 
0.021142 
0.070269 
0.030350 
0.050826 
0.057303 
0.067039 
0.021849 
-0.096501 
-0.088844 
-0.057418 
-0.028462 
-0.037804 
-0.015164 
-0.003455 
0.012371 
-0.037506 
-0.036273 
-0.073261 
-0.033386 
0.009309 
-0.009816 
0.047314 
0.036032 
0.036368 
-0.018365 
0.031203 
-0.049071 
-0.042970 
-0.007031 
-0.032476 
0.009583 
0.006592 
0.020384 
0.031436 
0.068449 
0.034616 
-0.000669 
0.001402 
-0.029457 
0.016524 
0.001322 
0.006299 
0.075514 
-0.031292 
-0.058886 
-0.060547 
-0.028292 
-0.062215 
-0.015674 
-0.014166 
-0.020947 
-0.046050 
-0.013437 
-0.017834 
-0.045648 
-0.039661 
-0.068929 
-0.020594 
-0.021617 
-0.004985 
-0.039264 
0.091170 
0.078098 
0.019146 
0.017734 
-0.006061 
0.021630 
-0.022449 
0.018010 
0.065791 
0.052025 
0.029735 
-0.006376 
-0.013463 
-0.050007 
-0.018424 
-0.051825 
-0.019339 
-0.010861 
-0.025910 
-0.007301 
-0.011752 
-0.039288 
-0.079463 
-0.034107 
-0.050586 
-0.011827 
-0.019060 
-0.024528 
-0.066547 
-0.055254 
-0.052507 
-0.093684 
-0.054764 
-0.088361 
-0.052780 
-0.027999 
0.042574 
0.049645 
0.022631 
0.013154 
-0.035596 
-0.019925 
-0.051032 
-0.025052 
0.005558 
-0.008559 
0.058736 
0.041371 
0.007062 
-0.013483 
0.004680 
-0.036838 
-0.003822 
-0.016855 
-0.004701 
-0.007170 
-0.010395 
-0.007845 
-0.029064 
-0.034280 
-0.065865 
-0.045403 
-0.005738 
-0.012065 
0.013472 
-0.016340 
-0.025685 
-0.020975 
0.003316 
-0.062312 
-0.048996 
-0.037221 
-0.000873 
0.060574 
0.063986 
0.043688 
0.026917 
0.052783 
0.015812 
0.031631 
0.003320 
-0.047103 
0.011265 
0.060176 
0.038344 
0.012153 
0.023537 
0.033629 
0.021019 
-0.034844 
0.017419 
0.052413 
0.045011 
-0.018248 
0.009279 
0.029060 
-0.018918 
-0.016428 
-0.041199 
-0.056733 
0.013253 
0.054084 
0.019516 
0.033594 
0.006988 
-0.009151 
-0.034131 
-0.075939 
-0.024926 
0.005125 
0.025914 
0.056490 
0.065427 
0.048968 
0.048169 
0.023607 
-0.033217 
-0.039331 
-0.026307 
-0.016166 
0.016379 
0.036454 
0.038045 
0.018835 
-0.009417 
-0.046364 
-0.034715 
0.003888 
0.033466 
0.068149 
0.058351 
0.005592 
-0.001352 
-0.032525 
-0.063701 
-0.028877 
-0.018211 
-0.024739 
0.042036 
0.052850 
0.002438 
-0.032977 
-0.034054 
-0.050604 
-0.025525 
-0.029159 
-0.007156 
-0.003295 
0.059951 
0.111013 
0.046853 
0.026505 
-0.007953 
-0.048895 
-0.048441 
-0.039792 
-0.010644 
-0.015483 
0.025506 
0.058336 
0.043129 
-0.003784 
-0.006682 
-0.043611 
-0.023189 
-0.015981 
0.075965 
0.092123 
0.023963 
0.024510 
0.042941 
-0.028950 
-0.043139 
-0.037336 
-0.035451 
-0.006362 
0.033690 
0.009037 
0.002949 
0.002563 
-0.018414 
-0.047599 
-0.032330 
-0.014213 
-0.020305 
0.029616 
0.067043 
0.059765 
0.028693 
-0.009535 
-0.023616 
-0.031297 
0.003076 
0.001180 
0.063388 
0.071998 
0.070221 
0.022223 
-0.032086 
-0.030405 
-0.033173 
-0.019871 
-0.041824 
0.014540 
-0.000896 
0.000850 
-0.011632 
-0.029236 
-0.033114 
-0.038571 
-0.002297 
-0.031433 
0.051437 
0.030952 
0.002389 
-0.033918 
0.007084 
0.022144 
-0.036252 
-0.032164 
-0.036876 
0.041280 
0.056706 
0.037369 
0.015276 
0.042634 
0.042217 
0.004274 
-0.047272 
-0.059339 
0.026410 
0.031485 
0.047406 
0.044292 
-0.044112 
-0.044618 
-0.059038 
-0.030652 
-0.067567 
0.005936 
-0.002498 
-0.016597 
-0.063347 
-0.038516 
-0.032211 
-0.046818 
-0.040434 
-0.086906 
-0.016804 
-0.005926 
0.030779 
-0.027244 
0.039585 
0.031991 
0.036729 
-0.011813 
-0.062892 
-0.001712 
-0.016595 
0.019543 
0.034372 
0.045199 
0.041399 
0.032233 
0.024710 
-0.043613 
-0.012914 
-0.055638 
-0.028522 
0.030384 
-0.004470 
0.006376 
-0.026482 
-0.039432 
-0.070431 
-0.021451 
-0.054194 
-0.006747 
0.017907 
0.028480 
-0.011867 
-0.023592 
-0.040212 
-0.047613 
-0.022596 
-0.063255 
-0.051665 
0.013295 
0.035495 
0.028154 
0.021415 
0.017738 
0.004653 
-0.034107 
-0.057227 
-0.049659 
0.020719 
0.018195 
0.057992 
0.039730 
0.012644 
0.020561 
-0.018819 
-0.072015 
-0.064979 
-0.023389 
0.036901 
-0.007866 
-0.006649 
-0.033339 
-0.006548 
-0.038441 
-0.067684 
-0.056207 
-0.001736 
0.006583 
0.020811 
-0.018220 
-0.031115 
-0.006172 
0.000295 
-0.076574 
-0.050563 
-0.035808 
0.026546 
0.076972 
0.054921 
0.010615 
0.006385 
-0.008416 
-0.045585 
-0.050779 
-0.022295 
-0.014845 
0.054561 
0.047471 
0.035959 
0.018707 
0.012970 
-0.027073 
-0.043264 
-0.061292 
0.011967 
0.042886 
-0.010699 
-0.021042 
-0.022862 
-0.009540 
-0.032361 
-0.024883 
-0.027315 
-0.013428 
0.028238 
-0.000323 
-0.015956 
-0.009741 
0.032280 
-0.019767 
-0.011322 
-0.038732 
-0.018584 
0.011467 
0.008957 
0.032762 
0.036029 
-0.000622 
-0.029825 
-0.032960 
-0.035684 
-0.003425 
0.009307 
-0.004325 
0.050540 
0.042417 
-0.027019 
-0.043886 
-0.024685 
-0.023405 
-0.005289 
0.023152 
0.006547 
-0.003244 
0.010748 
0.031503 
-0.008783 
-0.004257 
-0.012712 
0.009392 
0.017645 
0.002893 
0.016410 
0.056269 
0.006659 
-0.014950 
-0.016309 
-0.008649 
-0.016632 
-0.001581 
0.001209 
0.014587 
0.064857 
0.119362 
0.015120 
0.003237 
-0.001099 
-0.030991 
-0.017472 
-0.024310 
-0.033282 
0.011087 
0.055749 
0.002817 
-0.020821 
-0.024708 
0.007908 
0.025463 
0.046483 
0.055455 
0.085959 
0.053632 
-0.013665 
-0.023076 
-0.025691 
-0.017763 
-0.006058 
0.019978 
0.036049 
0.004066 
0.027945 
-0.018507 
-0.047090 
-0.047564 
-0.034696 
-0.019651 
-0.031335 
-0.031508 
-0.016454 
0.033608 
0.002381 
-0.001923 
-0.037315 
-0.020018 
-0.005824 
-0.001649 
0.014696 
-0.004885 
0.046192 
0.026580 
-0.007344 
-0.038897 
-0.002831 
0.031641 
0.055581 
0.023597 
0.014119 
0.016635 
-0.006260 
-0.012663 
-0.031062 
0.005824 
0.039500 
0.058393 
0.043421 
0.002665 
0.050420 
0.003492 
-0.002354 
-0.021689 
-0.046970 
-0.028341 
-0.033636 
-0.010727 
-0.035206 
0.026125 
0.011406 
0.005575 
-0.045511 
-0.000047 
-0.001315 
-0.023172 
-0.014259 
-0.057327 
0.013040 
0.008077 
0.005579 
0.011268 
0.018278 
0.046746 
0.017992 
-0.002615 
-0.023187 
0.007089 
-0.025538 
-0.006355 
-0.013907 
0.046536 
0.048133 
0.000800 
0.000344 
-0.039491 
0.015822 
-0.000063 
0.030232 
0.024555 
0.038476 
0.011577 
-0.014328 
-0.017401 
-0.049710 
-0.022406 
-0.030421 
-0.000196 
0.036194 
0.081335 
0.018144 
0.003504 
-0.043890 
-0.058040 
-0.029564 
-0.056952 
-0.034376 
0.023080 
0.050659 
0.028251 
-0.023231 
-0.005862 
-0.049625 
0.004739 
0.003838 
0.015302 
0.039092 
0.059501 
0.030651 
-0.037136 
-0.039106 
-0.060596 
-0.008496 
-0.024342 
-0.012169 
0.063736 
0.050505 
0.014283 
-0.001066 
-0.044167 
-0.019797 
-0.035218 
-0.045043 
-0.055825 
0.014923 
0.002113 
0.038005 
-0.004481 
-0.023615 
0.005875 
-0.018556 
-0.058464 
-0.059456 
-0.001267 
0.027607 
-0.008546 
-0.057066 
-0.057280 
-0.036613 
-0.035465 
-0.036219 
-0.047032 
0.020919 
0.010518 
-0.025131 
-0.041200 
0.000021 
0.002783 
-0.019557 
-0.035042 
-0.040443 
-0.005274 
0.006108 
0.025062 
-0.020496 
-0.042205 
-0.020133 
-0.025119 
-0.027995 
-0.025501 
-0.013099 
0.001668 
0.025719 
-0.001372 
-0.019386 
0.016623 
0.024027 
-0.010903 
-0.022180 
-0.033015 
0.015431 
-0.031962 
-0.046009 
-0.010948 
-0.003992 
-0.015517 
0.014449 
-0.012920 
-0.006221 
-0.008180 
-0.047616 
-0.049270 
-0.011204 
0.007880 
0.019609 
0.052482 
0.011352 
-0.013066 
0.000871 
0.011704 
-0.010945 
-0.015200 
-0.001779 
0.011046 
0.006847 
0.006179 
0.004913 
-0.017552 
-0.012195 
-0.016429 
0.050914 
0.069386 
-0.006574 
-0.002047 
-0.010884 
-0.021313 
-0.004396 
-0.028730 
-0.044384 
-0.008985 
0.006261 
0.003344 
0.043318 
0.024430 
0.001591 
-0.034174 
-0.028924 
-0.017246 
0.071281 
0.063956 
0.000755 
0.000585 
0.003049 
-0.032228 
0.007989 
0.024432 
0.042288 
0.047463 
0.069308 
0.018627 
-0.018033 
-0.027663 
-0.021064 
-0.024313 
0.000008 
0.026191 
0.024487 
-0.000026 
-0.010014 
-0.023117 
-0.036759 
-0.034843 
-0.010369 
0.034843 
0.061410 
0.026586 
0.064714 
0.051341 
0.007702 
-0.004655 
-0.019280 
0.002129 
0.074088 
0.080873 
0.053882 
0.017040 
0.013816 
-0.030525 
-0.031174 
-0.023905 
-0.051792 
-0.039614 
-0.015809 
-0.025331 
-0.041850 
-0.034120 
-0.055665 
-0.049614 
-0.071727 
-0.016005 
-0.023899 
0.000488 
0.047784 
-0.006525 
0.011874 
-0.037828 
-0.039045 
-0.044390 
0.031049 
0.088948 
0.062199 
0.045309 
-0.015252 
-0.011947 
-0.063196 
-0.069501 
-0.054075 
0.027065 
0.048727 
0.051932 
0.087716 
0.030754 
0.038893 
-0.034421 
-0.036908 
0.026479 
-0.022038 
-0.041710 
-0.036067 
-0.013838 
-0.049624 
-0.023243 
-0.058668 
-0.049672 
-0.041698 
-0.003195 
-0.022449 
-0.022403 
-0.008650 
-0.065505 
-0.027507 
-0.045971 
-0.033630 
-0.013172 
0.035554 
0.018723 
0.013364 
0.037219 
-0.010361 
-0.007956 
-0.069200 
-0.031974 
0.068520 
0.092939 
0.007606 
-0.001225 
0.021571 
-0.044935 
-0.029160 
-0.029481 
0.061024 
0.067553 
-0.000394 
-0.016857 
-0.042903 
-0.021358 
-0.059598 
-0.019799 
-0.021350 
0.004481 
-0.006762 
-0.018004 
-0.029252 
-0.073923 
-0.066835 
-0.086508 
-0.037771 
-0.057657 
-0.042988 
-0.032754 
0.080007 
0.029412 
-0.031775 
-0.018242 
-0.036085 
0.006037 
0.031809 
0.082690 
0.077577 
0.008107 
-0.002346 
-0.061274 
-0.051532 
-0.087051 
0.015953 
0.015234 
0.068168 
0.059629 
-0.000311 
-0.026739 
-0.047042 
-0.051548 
-0.044685 
-0.021226 
-0.029495 
-0.028512 
0.001546 
0.001399 
-0.035240 
-0.026914 
0.001514 
-0.016069 
-0.016043 
-0.033772 
-0.039915 
-0.006116 
0.040292 
-0.009677 
-0.018019 
-0.028267 
-0.038006 
0.017141 
0.027901 
0.068485 
0.038606 
0.002972 
-0.005991 
-0.005864 
0.018528 
0.003893 
0.016575 
0.007391 
0.030345 
0.026218 
0.014844 
-0.022060 
-0.022641 
0.017057 
0.006725 
-0.012870 
0.014904 
-0.016874 
0.010836 
0.001186 
-0.044215 
-0.035173 
0.004226 
0.012662 
0.001116 
0.051570 
-0.001177 
0.007264 
0.013319 
0.000168 
-0.002211 
0.021746 
0.004515 
0.008065 
0.025248 
0.024992 
-0.013239 
-0.010174 
-0.004288 
0.001187 
0.022540 
0.013989 
0.008895 
0.042118 
0.014864 
-0.020938 
-0.012061 
-0.028943 
-0.030406 
0.000665 
0.023034 
0.005101 
0.035478 
0.006225 
-0.015996 
-0.037207 
-0.027859 
-0.001587 
0.078154 
0.056600 
-0.021432 
-0.022187 
-0.029486 
-0.055165 
0.001322 
-0.004388 
0.004298 
0.040283 
0.048715 
0.017903 
0.034958 
0.003406 
-0.026175 
-0.040352 
-0.021854 
0.026322 
0.066292 
0.064618 
-0.002692 
-0.000100 
-0.017105 
-0.046365 
-0.053560 
0.013641 
0.030735 
-0.014209 
-0.003652 
0.015141 
-0.026688 
-0.021764 
-0.044678 
-0.038766 
0.061357 
0.081484 
0.081358 
0.018006 
0.017573 
-0.010959 
-0.042884 
-0.073636 
-0.078335 
0.028967 
0.048784 
0.019014 
0.037863 
0.019612 
-0.025269 
-0.037580 
-0.066047 
-0.002567 
0.094731 
0.095368 
0.119500 
0.062430 
0.064966 
0.043514 
-0.004329 
-0.033965 
-0.047772 
0.006251 
-0.001451 
0.010505 
-0.024757 
-0.007571 
-0.047119 
-0.070902 
-0.102372 
0.019888 
-0.012691 
-0.002402 
0.047573 
-0.024943 
0.013846 
-0.046272 
-0.039003 
-0.014596 
-0.028366 
0.058811 
0.029381 
0.032729 
-0.013086 
0.000602 
-0.016946 
-0.014796 
-0.033746 
0.020553 
0.009076 
0.015851 
0.052622 
-0.040442 
0.021203 
-0.043061 
0.002030 
0.013256 
0.011469 
-0.065981 
-0.040951 
-0.014053 
-0.068069 
-0.019282 
-0.062190 
-0.041719 
0.022960 
0.021295 
-0.032169 
-0.032585 
-0.007373 
-0.071236 
-0.032806 
-0.055843 
-0.010232 
0.033263 
0.034407 
-0.023740 
-0.005492 
-0.005644 
-0.082187 
-0.031895 
-0.083832 
-0.058880 
0.054804 
0.070314 
-0.021072 
-0.026221 
-0.026933 
-0.080350 
-0.029278 
-0.054042 
0.023725 
0.065766 
0.000713 
-0.027134 
-0.041825 
-0.015949 
-0.049808 
0.000434 
-0.014809 
0.022416 
0.043572 
-0.039754 
-0.038977 
-0.055301 
-0.043686 
-0.090398 
-0.019353 
-0.042802 
-0.035984 
-0.023403 
0.069193 
-0.029325 
-0.032276 
-0.000106 
-0.046916 
0.015380 
-0.013922 
0.047615 
0.078527 
-0.011055 
-0.030956 
-0.048196 
-0.029227 
-0.073445 
-0.000428 
-0.025746 
0.026418 
0.018178 
-0.008259 
-0.000208 
-0.013042 
-0.019374 
-0.065524 
-0.001991 
-0.009158 
0.005453 
-0.004010 
-0.057973 
-0.020397 
-0.011732 
-0.013268 
-0.050639 
-0.025150 
-0.031644 
-0.030356 
-0.049128 
0.028781 
0.025664 
-0.011095 
-0.005905 
-0.039390 
0.020990 
0.050322 
0.069540 
0.019802 
-0.038251 
0.006029 
-0.018372 
-0.015055 
-0.020498 
-0.011267 
0.032196 
0.037536 
-0.047811 
-0.015198 
0.002535 
0.020705 
0.029897 
-0.009071 
0.006005 
0.015307 
0.013303 
-0.022398 
-0.033588 
-0.009764 
0.009809 
-0.001217 
-0.008403 
0.010070 
0.001970 
-0.017283 
-0.051967 
-0.037812 
0.000950 
0.012087 
0.026375 
0.033167 
0.052252 
0.067437 
0.034130 
-0.028371 
-0.064293 
-0.027126 
-0.012355 
-0.019273 
0.023150 
0.066171 
0.053982 
0.017421 
-0.060369 
-0.000328 
0.003564 
0.004393 
0.036985 
0.033058 
0.046122 
0.010983 
-0.005881 
-0.030504 
-0.023050 
-0.016582 
0.012984 
0.030643 
0.028561 
-0.002751 
-0.006008 
0.005386 
-0.026933 
-0.028997 
0.004351 
0.011785 
-0.000122 
0.021752 
0.037845 
0.031255 
0.011153 
-0.042385 
-0.003797 
0.009866 
0.007118 
0.010071 
0.014699 
-0.008964 
0.009997 
0.019794 
-0.004202 
-0.055922 
0.000686 
0.003986 
-0.025851 
0.020168 
0.029495 
-0.000357 
-0.036160 
-0.057632 
-0.014354 
0.041484 
0.036486 
0.074519 
0.040374 
0.110947 
0.110937 
0.061612 
0.023356 
-0.037700 
-0.000058 
-0.012491 
-0.040483 
-0.009801 
0.015929 
0.016196 
-0.002880 
-0.044739 
-0.035257 
0.002197 
0.014402 
0.038549 
0.018080 
0.078230 
0.098763 
0.094124 
0.018836 
-0.043944 
-0.019232 
-0.013658 
0.009325 
-0.025301 
0.007002 
0.033017 
0.037870 
0.000588 
0.009305 
-0.040399 
0.014713 
0.052244 
-0.008460 
0.034949 
-0.000115 
0.035743 
0.032231 
-0.075397 
-0.046327 
-0.026966 
0.007861 
-0.022081 
-0.020507 
-0.006265 
0.032286 
-0.005078 
-0.046648 
-0.045463 
-0.001827 
0.050524 
0.011593 
0.035646 
0.009537 
0.060885 
0.005177 
0.032871 
-0.046534 
-0.002726 
-0.011335 
-0.050519 
-0.008041 
-0.049404 
-0.014291 
0.072701 
0.079036 
-0.015564 
-0.027047 
-0.018618 
-0.055091 
-0.023854 
-0.033835 
0.008384 
0.089630 
-0.018544 
-0.042606 
-0.026035 
-0.009845 
-0.040885 
0.001538 
-0.032981 
-0.001864 
0.013799 
0.048311 
-0.001270 
-0.054790 
-0.050018 
-0.075644 
-0.030223 
-0.044723 
-0.005634 
0.044087 
0.079790 
-0.012344 
0.017825 
-0.004239 
-0.043746 
-0.002198 
-0.038047 
0.003202 
0.047622 
0.018784 
0.028033 
0.020509 
-0.016422 
-0.051232 
-0.008522 
-0.044267 
-0.027286 
0.008689 
0.056399 
0.032718 
-0.011001 
-0.027357 
-0.070429 
-0.037796 
-0.054354 
-0.030152 
0.019625 
0.017539 
0.024854 
0.008358 
-0.015351 
-0.053631 
-0.023488 
-0.060631 
-0.047782 
-0.018635 
0.033333 
0.056872 
0.020536 
-0.007946 
-0.029452 
0.009229 
0.003840 
0.020221 
0.010434 
-0.000238 
0.053556 
-0.002544 
-0.004781 
-0.028635 
-0.028286 
-0.031404 
-0.026830 
-0.062596 
0.037209 
0.074817 
0.030391 
0.011789 
-0.014954 
0.014135 
-0.028887 
-0.016734 
-0.013444 
0.023579 
0.071627 
0.021330 
0.004399 
-0.021677 
-0.025665 
-0.056016 
-0.057502 
-0.074601 
-0.003469 
0.038929 
0.029692 
0.019564 
0.025110 
0.030946 
0.034555 
0.007059 
-0.069895 
-0.050992 
-0.006188 
0.020861 
-0.010530 
-0.028005 
0.002129 
0.003235 
-0.029180 
-0.081297 
0.018006 
0.070746 
0.058217 
0.051882 
0.022934 
0.019613 
0.016524 
-0.005309 
-0.026838 
-0.067334 
0.002562 
0.011693 
-0.013202 
-0.016421 
-0.009246 
-0.004277 
-0.041075 
-0.060180 
-0.008217 
0.005817 
0.025034 
0.016447 
0.006460 
0.031453 
0.018309 
-0.003454 
-0.017672 
0.017780 
0.013818 
0.007973 
0.031037 
0.004646 
0.000440 
0.010107 
-0.002190 
0.002563 
-0.012435 
0.009848 
0.016220 
0.005777 
-0.012228 
0.007142 
-0.023169 
-0.040650 
-0.017008 
0.008861 
0.003624 
0.020369 
0.026039 
0.006574 
0.002965 
-0.024299 
-0.037979 
-0.005278 
-0.999991